psinorm ni(10^20/m^3) dni/dpsiN
 0.000000      0.272087      0.407029
 0.003319      0.273446      0.412458
 0.006638      0.274827      0.420156
 0.009957      0.276239      0.431608
 0.013276      0.277681      0.433379
 0.016596      0.279116      0.435471
 0.019915      0.280577      0.442090
 0.023234      0.282044      0.442281
 0.026553      0.283513      0.442586
 0.029872      0.284979      0.440519
 0.033191      0.286436      0.437317
 0.036510      0.287881      0.432954
 0.039829      0.289308      0.426850
 0.043148      0.290713      0.419338
 0.046467      0.292091      0.410653
 0.049787      0.293438      0.401426
 0.054212      0.295189      0.390056
 0.058637      0.296892      0.379627
 0.063063      0.298551      0.370373
 0.067488      0.300172      0.362461
 0.071914      0.301760      0.355508
 0.076339      0.303320      0.349394
 0.080765      0.304854      0.344096
 0.085190      0.306366      0.338967
 0.089616      0.307854      0.333487
 0.094041      0.309317      0.327935
 0.098467      0.310756      0.322178
 0.102892      0.312169      0.316311
 0.107318      0.313555      0.310244
 0.112850      0.315250      0.302522
 0.118381      0.316902      0.294536
 0.123913      0.318509      0.286612
 0.129445      0.320073      0.278718
 0.134977      0.321593      0.270802
 0.140509      0.323070      0.263167
 0.146041      0.324504      0.255379
 0.152679      0.326168      0.246223
 0.159317      0.327773      0.237275
 0.165955      0.329319      0.228524
 0.172593      0.330807      0.219629
 0.180338      0.332468      0.209575
 0.188083      0.334053      0.199656
 0.195827      0.335560      0.189615
 0.204678      0.337190      0.178698
 0.213529      0.338725      0.168194
 0.223486      0.340340      0.155827
 0.234550      0.341994      0.144331
 0.245614      0.343544      0.135653
 0.258890      0.345230      0.115284
 0.278805      0.347176      0.084678
 0.298719      0.348691      0.067480
 0.387229      0.351061      -0.016019
 0.420420      0.350022      -0.044997
 0.444760      0.348712      -0.062574
 0.464674      0.347328      -0.076210
 0.482376      0.345880      -0.087278
 0.497865      0.344458      -0.096278
 0.512248      0.343016      -0.104170
 0.525525      0.341587      -0.111048
 0.538801      0.340069      -0.117533
 0.550971      0.338604      -0.123226
 0.563141      0.337070      -0.128674
 0.574205      0.335621      -0.133381
 0.585269      0.334119      -0.137947
 0.596332      0.332569      -0.142216
 0.606290      0.331135      -0.145879
 0.616247      0.329665      -0.149323
 0.626204      0.328162      -0.152526
 0.636161      0.326628      -0.155575
 0.645012      0.325240      -0.158094
 0.653863      0.323830      -0.160497
 0.662714      0.322399      -0.162783
 0.671565      0.320948      -0.164932
 0.680416      0.319480      -0.166987
 0.689267      0.317993      -0.168964
 0.698118      0.316489      -0.170887
 0.706969      0.314968      -0.172768
 0.715820      0.313431      -0.174594
 0.723564      0.312072      -0.176108
 0.731309      0.310703      -0.177583
 0.739054      0.309322      -0.179037
 0.746798      0.307930      -0.180475
 0.754543      0.306526      -0.181996
 0.762287      0.305111      -0.183589
 0.770032      0.303682      -0.185326
 0.777776      0.302239      -0.187360
 0.785521      0.300779      -0.189704
 0.793266      0.299300      -0.192596
 0.801010      0.297794      -0.196203
 0.807648      0.296480      -0.200041
 0.814287      0.295136      -0.204913
 0.820925      0.293757      -0.210991
 0.827563      0.292332      -0.218693
 0.834201      0.290849      -0.228268
 0.839733      0.289560      -0.238331
 0.845265      0.288208      -0.250863
 0.850797      0.286780      -0.265823
 0.856329      0.285260      -0.284210
 0.860754      0.283965      -0.301749
 0.865180      0.282584      -0.322737
 0.869605      0.281104      -0.346173
 0.874030      0.279509      -0.377662
 0.877350      0.278209      -0.404736
 0.880669      0.276824      -0.429998
 0.883988      0.275352      -0.457411
 0.887307      0.273785      -0.486864
 0.890626      0.272112      -0.523779
 0.893945      0.270297      -0.571027
 0.896158      0.268999      -0.600723
 0.898371      0.267635      -0.634906
 0.900583      0.266189      -0.669983
 0.902796      0.264669      -0.707149
 0.905009      0.263056      -0.748606
 0.907222      0.261356      -0.789497
 0.909434      0.259558      -0.835237
 0.911647      0.257659      -0.882614
 0.913860      0.255650      -0.933155
 0.916072      0.253527      -0.985970
 0.918285      0.251284      -1.042170
 0.919392      0.250115      -1.071530
 0.920498      0.248913      -1.101363
 0.921604      0.247678      -1.131897
 0.922711      0.246408      -1.163139
 0.923817      0.245104      -1.195027
 0.924923      0.243764      -1.227443
 0.926030      0.242388      -1.260454
 0.927136      0.240975      -1.293934
 0.928243      0.239524      -1.327942
 0.929349      0.238036      -1.362382
 0.930455      0.236509      -1.397254
 0.931562      0.234944      -1.432526
 0.932668      0.233340      -1.468145
 0.933774      0.231695      -1.504195
 0.934881      0.230011      -1.540575
 0.935987      0.228286      -1.577239
 0.937093      0.226521      -1.614165
 0.938200      0.224715      -1.651252
 0.939306      0.222867      -1.688471
 0.940413      0.220978      -1.725734
 0.941519      0.219049      -1.762988
 0.942625      0.217077      -1.800142
 0.943732      0.215065      -1.837121
 0.944838      0.213012      -1.873778
 0.945944      0.210919      -1.909935
 0.947051      0.208787      -1.945548
 0.948157      0.206615      -1.980483
 0.949263      0.204404      -2.014671
 0.950370      0.202157      -2.048020
 0.951476      0.199873      -2.080405
 0.952583      0.197554      -2.111768
 0.953689      0.195201      -2.142004
 0.954795      0.192815      -2.170992
 0.955902      0.190397      -2.198655
 0.957008      0.187950      -2.224899
 0.958114      0.185475      -2.249677
 0.959221      0.182973      -2.272952
 0.960327      0.180446      -2.294548
 0.961434      0.177896      -2.314515
 0.962540      0.175325      -2.332577
 0.963646      0.172736      -2.348847
 0.964753      0.170129      -2.363127
 0.965859      0.167507      -2.375219
 0.966965      0.164874      -2.385215
 0.968072      0.162230      -2.392820
 0.969178      0.159580      -2.398385
 0.970284      0.156924      -2.400994
 0.971391      0.154269      -2.399093
 0.972497      0.151614      -2.402284
 0.973604      0.148958      -2.392420
 0.974710      0.146320      -2.383763
 0.975816      0.143676      -2.393858
 0.976923      0.141035      -2.371886
 0.978029      0.138425      -2.358360
 0.979135      0.135814      -2.351204
 0.980242      0.133229      -2.326987
 0.981348      0.130662      -2.311318
 0.982455      0.128116      -2.290516
 0.983561      0.125594      -2.269057
 0.984667      0.123096      -2.245718
 0.985774      0.120625      -2.220818
 0.986880      0.118182      -2.194494
 0.987986      0.115770      -2.167038
 0.989093      0.113388      -2.138452
 0.990199      0.111038      -2.108484
 0.991305      0.108723      -2.077445
 0.992412      0.106442      -2.045582
 0.993518      0.104197      -2.012976
 0.994625      0.101988      -1.979692
 0.995731      0.099816      -1.945978
 0.996837      0.097682      -1.911601
 0.997944      0.095586      -1.878067
 0.999050      0.093528      -1.840481
 1.000156      0.091511      -1.809600
 1.001263      0.089525      -1.776588
 1.002369      0.087582      -1.736970
 1.003476      0.085679      -1.702779
 1.004582      0.083815      -1.667120
 1.005688      0.081990      -1.631857
 1.006795      0.080204      -1.596412
 1.007901      0.078457      -1.561455
 1.009007      0.076749      -1.526849
 1.010114      0.075079      -1.492459
 1.011220      0.073447      -1.458249
 1.012326      0.071852      -1.424270
 1.013433      0.070295      -1.390569
 1.014539      0.068775      -1.357071
 1.015646      0.067292      -1.323852
 1.016752      0.065846      -1.290943
 1.017858      0.064435      -1.258339
 1.018965      0.063061      -1.226039
 1.020071      0.061722      -1.194032
 1.021177      0.060419      -1.162383
 1.022284      0.059150      -1.131050
 1.023390      0.057916      -1.100121
 1.024496      0.056716      -1.069474
 1.025603      0.055549      -1.039281
 1.026709      0.054416      -1.009439
 1.027816      0.053316      -0.980056
 1.028922      0.052247      -0.951186
 1.030028      0.051211      -0.922906
 1.031135      0.050205      -0.895346
 1.032241      0.049229      -0.868351
 1.033347      0.048283      -0.842015
 1.034454      0.047366      -0.816140
 1.035560      0.046477      -0.790788
 1.036667      0.045616      -0.765909
 1.037773      0.044782      -0.741553
 1.038879      0.043975      -0.717671
 1.039986      0.043194      -0.694305
 1.041092      0.042438      -0.671453
 1.042198      0.041708      -0.649121
 1.043305      0.041002      -0.627292
 1.044411      0.040320      -0.605974
 1.045517      0.039661      -0.585174
 1.046624      0.039025      -0.564890
 1.047730      0.038411      -0.545122
 1.048837      0.037818      -0.525859
 1.049943      0.037247      -0.507178
 1.052156      0.036165      -0.471605
 1.054368      0.035158      -0.438307
 1.056581      0.034223      -0.407140
 1.058794      0.033355      -0.377917
 1.061007      0.032549      -0.350432
 1.063219      0.031803      -0.324593
 1.065432      0.031112      -0.300355
 1.067645      0.030473      -0.277646
 1.069858      0.029882      -0.256444
 1.072070      0.029337      -0.236788
 1.075389      0.028596      -0.210055
 1.078709      0.027939      -0.186200
 1.082028      0.027357      -0.165174
 1.086453      0.026683      -0.139509
 1.090879      0.026115      -0.118330
 1.096410      0.025519      -0.097117
 1.104155      0.024873      -0.071047
 1.105261      0.024796      -0.067901
