256 psinorm ti(keV) dti/dpsiN
 0.000000      1.023020      -1.144392
 0.006132      1.016020      -1.142273
 0.012264      1.008968      -1.161211
 0.018397      1.001797      -1.171271
 0.024529      0.994634      -1.166319
 0.030661      0.987487      -1.163973
 0.036793      0.980361      -1.160064
 0.042926      0.973260      -1.155968
 0.049058      0.966185      -1.151428
 0.055190      0.959138      -1.146736
 0.061322      0.952121      -1.141869
 0.067455      0.945134      -1.136815
 0.073587      0.938179      -1.131531
 0.079719      0.931257      -1.126225
 0.085851      0.924367      -1.120788
 0.091984      0.917511      -1.115218
 0.098116      0.910690      -1.109545
 0.103226      0.905032      -1.104692
 0.108336      0.899399      -1.099857
 0.113446      0.893791      -1.094908
 0.118557      0.888209      -1.089878
 0.123667      0.882652      -1.084852
 0.128777      0.877122      -1.079701
 0.133887      0.871617      -1.074494
 0.138997      0.866140      -1.069164
 0.144108      0.860690      -1.063819
 0.149218      0.855267      -1.058443
 0.154328      0.849873      -1.052952
 0.159438      0.844506      -1.047454
 0.164548      0.839167      -1.041810
 0.169659      0.833858      -1.036170
 0.174769      0.828577      -1.030511
 0.179879      0.823326      -1.024647
 0.184989      0.818105      -1.018744
 0.190099      0.812914      -1.012798
 0.195210      0.807754      -1.006811
 0.200320      0.802624      -1.000843
 0.205430      0.797526      -0.994619
 0.210540      0.792459      -0.988391
 0.215650      0.787424      -0.982271
 0.220761      0.782420      -0.975816
 0.226893      0.776460      -0.968098
 0.233025      0.770547      -0.960423
 0.239157      0.764682      -0.952456
 0.245289      0.758865      -0.944558
 0.251422      0.753098      -0.936405
 0.257554      0.747381      -0.928262
 0.263686      0.741713      -0.920031
 0.269818      0.736098      -0.911645
 0.275951      0.730533      -0.903201
 0.282083      0.725021      -0.894641
 0.288215      0.719560      -0.886375
 0.294347      0.714149      -0.878612
 0.300480      0.708783      -0.871139
 0.306612      0.703464      -0.864140
 0.312744      0.698184      -0.857534
 0.318876      0.692946      -0.851234
 0.325009      0.687743      -0.845495
 0.331141      0.682576      -0.840030
 0.337273      0.677440      -0.835008
 0.343405      0.672334      -0.830314
 0.349537      0.667256      -0.826043
 0.355670      0.662202      -0.822080
 0.361802      0.657172      -0.818556
 0.367934      0.652162      -0.815451
 0.374066      0.647171      -0.812568
 0.380199      0.642196      -0.810198
 0.386331      0.637234      -0.808081
 0.392463      0.632284      -0.806270
 0.398595      0.627344      -0.805064
 0.404728      0.622410      -0.803952
 0.409838      0.618304      -0.803324
 0.414948      0.614199      -0.803107
 0.420058      0.610096      -0.802960
 0.425168      0.605992      -0.803064
 0.430279      0.601888      -0.803448
 0.435389      0.597780      -0.804105
 0.440499      0.593669      -0.805000
 0.445609      0.589553      -0.806021
 0.450719      0.585431      -0.807327
 0.455830      0.581301      -0.808960
 0.460940      0.577163      -0.810670
 0.466050      0.573015      -0.812625
 0.471160      0.568857      -0.814904
 0.476270      0.564686      -0.817408
 0.481381      0.560502      -0.820082
 0.486491      0.556305      -0.822725
 0.491601      0.552094      -0.825350
 0.496711      0.547869      -0.827890
 0.501821      0.543633      -0.830292
 0.506932      0.539384      -0.832633
 0.512042      0.535123      -0.834920
 0.517152      0.530850      -0.837220
 0.522262      0.526566      -0.839326
 0.527372      0.522272      -0.841307
 0.532483      0.517968      -0.843398
 0.537593      0.513653      -0.845296
 0.542703      0.509329      -0.847064
 0.547813      0.504995      -0.848871
 0.551901      0.501522      -0.850213
 0.555989      0.498044      -0.851545
 0.560078      0.494560      -0.852861
 0.564166      0.491071      -0.854080
 0.568254      0.487577      -0.855233
 0.572342      0.484078      -0.856401
 0.576430      0.480575      -0.857513
 0.580518      0.477067      -0.858503
 0.584607      0.473555      -0.859485
 0.588695      0.470040      -0.860474
 0.592783      0.466520      -0.861384
 0.596871      0.462997      -0.862260
 0.600959      0.459470      -0.863109
 0.605047      0.455940      -0.863860
 0.609135      0.452407      -0.864589
 0.613224      0.448871      -0.865327
 0.617312      0.445332      -0.865986
 0.621400      0.441790      -0.866539
 0.625488      0.438246      -0.867080
 0.629576      0.434701      -0.867612
 0.633664      0.431153      -0.868093
 0.637753      0.427603      -0.868566
 0.641841      0.424051      -0.868977
 0.645929      0.420498      -0.869285
 0.650017      0.416944      -0.869587
 0.654105      0.413388      -0.869888
 0.658193      0.409831      -0.870138
 0.662282      0.406273      -0.870304
 0.666370      0.402715      -0.870403
 0.670458      0.399157      -0.870485
 0.674546      0.395598      -0.870559
 0.678634      0.392039      -0.870616
 0.682722      0.388480      -0.870606
 0.686810      0.384921      -0.870520
 0.690899      0.381362      -0.870417
 0.694987      0.377804      -0.870261
 0.699075      0.374246      -0.870094
 0.703163      0.370690      -0.869898
 0.707251      0.367134      -0.869597
 0.711339      0.363580      -0.869267
 0.715428      0.360027      -0.868927
 0.719516      0.356475      -0.868536
 0.723604      0.352925      -0.868116
 0.726670      0.350264      -0.867853
 0.729736      0.347604      -0.867468
 0.732802      0.344945      -0.867017
 0.735868      0.342287      -0.866614
 0.738934      0.339630      -0.866164
 0.742001      0.336975      -0.865789
 0.745067      0.334321      -0.865319
 0.748133      0.331669      -0.864775
 0.751199      0.329018      -0.864255
 0.754265      0.326369      -0.863650
 0.757331      0.323722      -0.863093
 0.760397      0.321076      -0.862519
 0.763463      0.318433      -0.861922
 0.766530      0.315791      -0.861367
 0.769596      0.313151      -0.860701
 0.772662      0.310513      -0.860036
 0.775728      0.307877      -0.859329
 0.778794      0.305243      -0.858591
 0.781860      0.302612      -0.857895
 0.784926      0.299983      -0.857147
 0.787992      0.297356      -0.856401
 0.791058      0.294731      -0.855635
 0.794125      0.292108      -0.855298
 0.797191      0.289485      -0.855652
 0.800257      0.286860      -0.856651
 0.803323      0.284231      -0.858362
 0.806389      0.281596      -0.860743
 0.809455      0.278952      -0.863788
 0.812521      0.276299      -0.867487
 0.815587      0.273632      -0.871788
 0.818654      0.270952      -0.876739
 0.821720      0.268255      -0.882360
 0.824786      0.265540      -0.888651
 0.827852      0.262805      -0.895660
 0.830918      0.260047      -0.903278
 0.833984      0.257265      -0.911545
 0.837050      0.254457      -0.920428
 0.840116      0.251620      -0.929962
 0.843182      0.248753      -0.940184
 0.846249      0.245854      -0.951058
 0.849315      0.242921      -0.962627
 0.852381      0.239950      -0.974833
 0.855447      0.236942      -0.987720
 0.857491      0.234914      -0.996580
 0.859535      0.232868      -1.005747
 0.861579      0.230802      -1.015248
 0.863623      0.228717      -1.024961
 0.865667      0.226612      -1.035043
 0.867711      0.224485      -1.045419
 0.869756      0.222338      -1.056087
 0.871800      0.220168      -1.067043
 0.873844      0.217975      -1.078225
 0.875888      0.215759      -1.089775
 0.877932      0.213520      -1.101485
 0.879976      0.211256      -1.113509
 0.882020      0.208967      -1.125887
 0.884064      0.206653      -1.138440
 0.886108      0.204313      -1.151423
 0.888152      0.201946      -1.164630
 0.890196      0.199552      -1.178137
 0.892240      0.197129      -1.191994
 0.894284      0.194678      -1.206148
 0.896329      0.192198      -1.220229
 0.898373      0.189691      -1.233168
 0.900417      0.187158      -1.244906
 0.902461      0.184602      -1.255411
 0.904505      0.182026      -1.264604
 0.906549      0.179433      -1.272748
 0.908593      0.176824      -1.279629
 0.910637      0.174202      -1.285316
 0.912681      0.171570      -1.289806
 0.914725      0.168930      -1.293051
 0.916769      0.166285      -1.295118
 0.918813      0.163637      -1.295849
 0.920857      0.160988      -1.295431
 0.922902      0.158342      -1.293804
 0.924946      0.155700      -1.290913
 0.926990      0.153065      -1.286916
 0.929034      0.150439      -1.281674
 0.931078      0.147826      -1.275223
 0.933122      0.145227      -1.267620
 0.935166      0.142645      -1.258800
 0.937210      0.140082      -1.248730
 0.939254      0.137540      -1.237460
 0.941298      0.135023      -1.224971
 0.943342      0.132533      -1.211226
 0.945386      0.130073      -1.196260
 0.947430      0.127644      -1.180146
 0.949475      0.125249      -1.162844
 0.951519      0.122891      -1.144274
 0.953563      0.120572      -1.124564
 0.955607      0.118294      -1.103634
 0.957651      0.116061      -1.081382
 0.959695      0.113874      -1.057935
 0.961739      0.111737      -1.033281
 0.963783      0.109651      -1.007377
 0.965827      0.107619      -0.980272
 0.967871      0.105644      -0.951987
 0.969915      0.103728      -0.922476
 0.971959      0.101874      -0.891762
 0.974004      0.100083      -0.859839
 0.976048      0.098359      -0.826701
 0.978092      0.096704      -0.792323
 0.980136      0.095121      -0.756742
 0.982180      0.093611      -0.719929
 0.984224      0.092179      -0.681866
 0.986268      0.090825      -0.642620
 0.989334      0.088947      -0.581488
 0.992400      0.087262      -0.517625
 0.995466      0.085776      -0.451072
 0.999555      0.084120      -0.358135
 1.005687      0.082374      -0.209668
 1.017951      0.081777      0.119575
 1.021017      0.082280      0.208598
