psinorm ne(10^20/m^3) dne/dpsiN
 0.000000      0.368347      0.440602
 0.004429      0.370282      0.432955
 0.008859      0.372183      0.425349
 0.013288      0.374050      0.417785
 0.017717      0.375884      0.410261
 0.022147      0.377684      0.402778
 0.026576      0.379452      0.395335
 0.031005      0.381187      0.387934
 0.035435      0.382889      0.380573
 0.039864      0.384558      0.373254
 0.044293      0.386195      0.365975
 0.049830      0.388196      0.356934
 0.055367      0.390148      0.347957
 0.060903      0.392050      0.339044
 0.066440      0.393902      0.330194
 0.071977      0.395706      0.321408
 0.077513      0.397461      0.312687
 0.083050      0.399169      0.304029
 0.088587      0.400828      0.295435
 0.095231      0.402757      0.285206
 0.101875      0.404618      0.275069
 0.108519      0.406412      0.265025
 0.115163      0.408140      0.255072
 0.122914      0.410073      0.243576
 0.130666      0.411916      0.232206
 0.138417      0.413673      0.220961
 0.147276      0.415574      0.208263
 0.156134      0.417363      0.195728
 0.166100      0.419244      0.181821
 0.177174      0.421173      0.166615
 0.189354      0.423102      0.150168
 0.202642      0.424981      0.132640
 0.218145      0.426880      0.112402
 0.238077      0.428870      0.087770
 0.324449      0.431939      -0.018876
 0.356562      0.430711      -0.055896
 0.378709      0.429231      -0.077742
 0.397533      0.427599      -0.095390
 0.414143      0.425893      -0.109902
 0.428539      0.424224      -0.121814
 0.441827      0.422536      -0.132250
 0.454007      0.420869      -0.141371
 0.466188      0.419093      -0.150073
 0.477262      0.417389      -0.157631
 0.488335      0.415604      -0.164859
 0.498301      0.413929      -0.171094
 0.508267      0.412194      -0.177084
 0.518233      0.410401      -0.182827
 0.527092      0.408759      -0.187719
 0.535950      0.407075      -0.192429
 0.544809      0.405350      -0.196962
 0.553668      0.403586      -0.201305
 0.562526      0.401784      -0.205469
 0.571385      0.399946      -0.209469
 0.579136      0.398309      -0.212834
 0.586888      0.396647      -0.216063
 0.594639      0.394960      -0.219165
 0.602390      0.393250      -0.222143
 0.610142      0.391517      -0.224996
 0.617893      0.389762      -0.227727
 0.625644      0.387987      -0.230337
 0.633396      0.386191      -0.232844
 0.641147      0.384377      -0.235224
 0.648899      0.382545      -0.237491
 0.655543      0.380961      -0.239359
 0.662187      0.379365      -0.241141
 0.668831      0.377757      -0.242845
 0.675475      0.376138      -0.244467
 0.682119      0.374509      -0.246024
 0.688763      0.372869      -0.247500
 0.695407      0.371220      -0.248902
 0.702051      0.369562      -0.250273
 0.708695      0.367894      -0.251570
 0.715339      0.366219      -0.252808
 0.721983      0.364535      -0.254020
 0.728627      0.362844      -0.255192
 0.735271      0.361144      -0.256333
 0.741915      0.359437      -0.257470
 0.748559      0.357723      -0.258637
 0.755203      0.356001      -0.259822
 0.761847      0.354270      -0.261077
 0.768491      0.352531      -0.262456
 0.775135      0.350782      -0.263996
 0.781779      0.349023      -0.265761
 0.787315      0.347547      -0.267476
 0.792852      0.346060      -0.269487
 0.798389      0.344562      -0.271856
 0.803925      0.343049      -0.274661
 0.809462      0.341519      -0.278041
 0.814999      0.339969      -0.282147
 0.820535      0.338393      -0.287118
 0.826072      0.336788      -0.293187
 0.831609      0.335144      -0.300618
 0.837146      0.333456      -0.309742
 0.842682      0.331711      -0.320932
 0.847112      0.330266      -0.331657
 0.851541      0.328770      -0.344309
 0.855970      0.327213      -0.359216
 0.860400      0.325584      -0.376740
 0.864829      0.323871      -0.397304
 0.869258      0.322059      -0.421443
 0.872580      0.320625      -0.442227
 0.875902      0.319118      -0.465617
 0.879224      0.317528      -0.491917
 0.882546      0.315846      -0.521422
 0.885868      0.314060      -0.554464
 0.889190      0.312158      -0.591375
 0.892512      0.310126      -0.632584
 0.894727      0.308692      -0.662643
 0.896942      0.307189      -0.694889
 0.899156      0.305613      -0.729462
 0.901371      0.303957      -0.766475
 0.903586      0.302216      -0.806031
 0.905800      0.300384      -0.848220
 0.908015      0.298457      -0.893156
 0.910230      0.296426      -0.940962
 0.912444      0.294287      -0.991711
 0.914659      0.292031      -1.045474
 0.916874      0.289654      -1.102305
 0.919088      0.287147      -1.162157
 0.920196      0.285843      -1.193289
 0.921303      0.284504      -1.225139
 0.922410      0.283129      -1.257740
 0.923518      0.281718      -1.291128
 0.924625      0.280269      -1.325198
 0.925732      0.278783      -1.360041
 0.926840      0.277257      -1.395547
 0.927947      0.275692      -1.431752
 0.929054      0.274086      -1.468627
 0.930162      0.272439      -1.506088
 0.931269      0.270750      -1.544228
 0.932376      0.269019      -1.582860
 0.933484      0.267244      -1.622069
 0.934591      0.265426      -1.661816
 0.935698      0.263564      -1.701961
 0.936806      0.261657      -1.742578
 0.937913      0.259705      -1.783512
 0.939020      0.257707      -1.824769
 0.940128      0.255663      -1.866257
 0.941235      0.253574      -1.907917
 0.942342      0.251438      -1.949673
 0.943450      0.249256      -1.991439
 0.944557      0.247027      -2.033167
 0.945664      0.244753      -2.074731
 0.946772      0.242433      -2.116092
 0.947879      0.240067      -2.157136
 0.948986      0.237655      -2.197769
 0.950094      0.235200      -2.237938
 0.951201      0.232699      -2.277506
 0.952308      0.230156      -2.316388
 0.953416      0.227570      -2.354521
 0.954523      0.224942      -2.391731
 0.955630      0.222273      -2.427976
 0.956738      0.219565      -2.463128
 0.957845      0.216819      -2.497044
 0.958952      0.214035      -2.529725
 0.960060      0.211217      -2.560900
 0.961167      0.208364      -2.590678
 0.962274      0.205480      -2.618750
 0.963382      0.202565      -2.645155
 0.964489      0.199622      -2.669822
 0.965596      0.196653      -2.692443
 0.966704      0.193660      -2.713197
 0.967811      0.190645      -2.731792
 0.968918      0.187611      -2.748275
 0.970026      0.184559      -2.762539
 0.971133      0.181494      -2.774508
 0.972240      0.178416      -2.784184
 0.973348      0.175328      -2.791450
 0.974455      0.172234      -2.796384
 0.975562      0.169136      -2.798821
 0.976670      0.166037      -2.798895
 0.977777      0.162939      -2.796483
 0.978884      0.159844      -2.791600
 0.979992      0.156757      -2.784332
 0.981099      0.153679      -2.774543
 0.982206      0.150613      -2.762433
 0.983314      0.147562      -2.747866
 0.984421      0.144528      -2.731006
 0.985528      0.141515      -2.711837
 0.986636      0.138523      -2.690433
 0.987743      0.135557      -2.666896
 0.988850      0.132618      -2.641218
 0.989958      0.129708      -2.613579
 0.991065      0.126830      -2.583975
 0.992172      0.123986      -2.552530
 0.993280      0.121178      -2.519370
 0.994387      0.118407      -2.484533
 0.995494      0.115676      -2.448188
 0.996602      0.112986      -2.410435
 0.997709      0.110338      -2.371356
 0.998816      0.107735      -2.331130
 0.999924      0.105176      -2.289850
 1.001031      0.102664      -2.247567
 1.002138      0.100199      -2.204523
 1.003246      0.097782      -2.160647
 1.004353      0.095414      -2.116163
 1.005460      0.093095      -2.071155
 1.006568      0.090827      -2.025564
 1.007675      0.088609      -1.979698
 1.008782      0.086443      -1.933483
 1.009890      0.084327      -1.887099
 1.010997      0.082263      -1.840658
 1.012104      0.080251      -1.794181
 1.013212      0.078290      -1.747846
 1.014319      0.076380      -1.701686
 1.015426      0.074521      -1.655789
 1.016534      0.072713      -1.610245
 1.017641      0.070955      -1.565082
 1.018749      0.069247      -1.520394
 1.019856      0.067587      -1.476195
 1.020963      0.065977      -1.432577
 1.022071      0.064415      -1.389509
 1.023178      0.062899      -1.347142
 1.024285      0.061431      -1.305377
 1.025393      0.060008      -1.264395
 1.026500      0.058630      -1.224112
 1.027607      0.057297      -1.184616
 1.028715      0.056007      -1.145964
 1.029822      0.054759      -1.108070
 1.030929      0.053552      -1.071110
 1.032037      0.052386      -1.034934
 1.033144      0.051260      -0.999685
 1.034251      0.050172      -0.965265
 1.035359      0.049122      -0.931755
 1.036466      0.048108      -0.899103
 1.037573      0.047130      -0.867341
 1.038681      0.046187      -0.836451
 1.039788      0.045277      -0.806429
 1.040895      0.044401      -0.777276
 1.042003      0.043556      -0.748972
 1.043110      0.042742      -0.721517
 1.044217      0.041957      -0.694889
 1.045325      0.041202      -0.669086
 1.046432      0.040475      -0.644083
 1.047539      0.039776      -0.619881
 1.048647      0.039102      -0.596451
 1.049754      0.038454      -0.573797
 1.050861      0.037831      -0.551889
 1.053076      0.036656      -0.510275
 1.055291      0.035569      -0.471479
 1.057505      0.034565      -0.435357
 1.059720      0.033639      -0.401757
 1.061935      0.032784      -0.370535
 1.064149      0.031996      -0.341559
 1.066364      0.031270      -0.314699
 1.068579      0.030600      -0.289828
 1.070793      0.029984      -0.266823
 1.074115      0.029151      -0.235532
 1.077437      0.028416      -0.207765
 1.080759      0.027767      -0.183157
 1.085189      0.027021      -0.154669
 1.089618      0.026391      -0.130503
 1.095155      0.025740      -0.105447
 1.102906      0.025034      -0.078033
 1.106228      0.024790      -0.068699
