256 psinorm te(KeV) dte/dpsiN
 0.000000      1.415973      -0.493429
 0.021039      1.404332      -0.612162
 0.038757      1.392634      -0.707743
 0.055367      1.380159      -0.793693
 0.069762      1.368215      -0.865320
 0.083050      1.356291      -0.929078
 0.096338      1.343534      -0.990571
 0.108519      1.331135      -1.044950
 0.119592      1.319298      -1.092734
 0.130666      1.306940      -1.138944
 0.140632      1.295388      -1.179189
 0.150598      1.283441      -1.218160
 0.160564      1.271112      -1.255856
 0.169422      1.259842      -1.288295
 0.178281      1.248290      -1.319724
 0.187140      1.236463      -1.350159
 0.195998      1.224372      -1.379540
 0.204857      1.212024      -1.408093
 0.212608      1.201016      -1.431623
 0.220360      1.189826      -1.456746
 0.228111      1.178457      -1.472547
 0.235862      1.166917      -1.519397
 0.242506      1.156455      -1.646669
 0.249150      1.145162      -1.717118
 0.255794      1.133807      -1.711129
 0.262438      1.122374      -1.727637
 0.269082      1.110864      -1.737871
 0.275726      1.099280      -1.749030
 0.282371      1.087624      -1.759458
 0.289015      1.075901      -1.769538
 0.294551      1.066082      -1.777304
 0.300088      1.056221      -1.784538
 0.305625      1.046322      -1.791292
 0.311161      1.036386      -1.797595
 0.316698      1.026417      -1.803509
 0.322235      1.016416      -1.809050
 0.327771      1.006386      -1.814057
 0.333308      0.996329      -1.818644
 0.338845      0.986248      -1.822731
 0.344381      0.976146      -1.826303
 0.349918      0.966025      -1.829520
 0.355455      0.955888      -1.832277
 0.360991      0.945737      -1.834592
 0.366528      0.935574      -1.836524
 0.372065      0.925401      -1.838075
 0.377601      0.915221      -1.839132
 0.383138      0.905036      -1.839768
 0.388675      0.894849      -1.840051
 0.394211      0.884662      -1.839907
 0.399748      0.874476      -1.839328
 0.404177      0.866331      -1.838601
 0.408607      0.858189      -1.837634
 0.413036      0.850052      -1.836393
 0.417465      0.841921      -1.834886
 0.421895      0.833798      -1.833141
 0.426324      0.825682      -1.831186
 0.430753      0.817576      -1.829010
 0.435183      0.809480      -1.826594
 0.439612      0.801395      -1.823967
 0.444041      0.793323      -1.821028
 0.448471      0.785264      -1.817799
 0.452900      0.777220      -1.814432
 0.457329      0.769191      -1.810892
 0.461759      0.761178      -1.807133
 0.466188      0.753182      -1.802987
 0.470618      0.745206      -1.798647
 0.475047      0.737249      -1.794252
 0.479476      0.729312      -1.789549
 0.483906      0.721396      -1.784522
 0.488335      0.713503      -1.779339
 0.492764      0.705634      -1.774068
 0.497194      0.697788      -1.768427
 0.501623      0.689968      -1.762591
 0.506052      0.682174      -1.756758
 0.510482      0.674406      -1.750507
 0.514911      0.666667      -1.743996
 0.519340      0.658957      -1.737524
 0.523770      0.651275      -1.730689
 0.528199      0.643625      -1.723561
 0.532628      0.636007      -1.716442
 0.537058      0.628420      -1.708981
 0.541487      0.620868      -1.701305
 0.545916      0.613349      -1.693648
 0.550346      0.605865      -1.685546
 0.554775      0.598418      -1.677247
 0.559204      0.591007      -1.668933
 0.563634      0.583634      -1.660267
 0.568063      0.576299      -1.651547
 0.572492      0.569003      -1.642676
 0.576922      0.561748      -1.633449
 0.581351      0.554533      -1.624174
 0.585780      0.547360      -1.614609
 0.590210      0.540230      -1.604900
 0.594639      0.533143      -1.595138
 0.599068      0.526100      -1.584947
 0.603498      0.519102      -1.574707
 0.607927      0.512150      -1.564267
 0.612356      0.505245      -1.553587
 0.616786      0.498388      -1.542969
 0.620108      0.493275      -1.534673
 0.623430      0.488191      -1.526243
 0.626752      0.483135      -1.517938
 0.630074      0.478106      -1.509425
 0.633396      0.473106      -1.500791
 0.636718      0.468135      -1.492168
 0.640040      0.463193      -1.483439
 0.643362      0.458279      -1.474446
 0.646684      0.453396      -1.465401
 0.650006      0.448543      -1.456471
 0.653328      0.443720      -1.447257
 0.656650      0.438928      -1.437954
 0.659972      0.434166      -1.428740
 0.663294      0.429435      -1.419316
 0.666616      0.424736      -1.409695
 0.669938      0.420069      -1.400059
 0.673260      0.415434      -1.390433
 0.676582      0.410831      -1.380596
 0.679904      0.406262      -1.370702
 0.683226      0.401724      -1.360838
 0.686548      0.397220      -1.350729
 0.689870      0.392750      -1.340517
 0.693192      0.388314      -1.330359
 0.696514      0.383911      -1.320112
 0.699836      0.379543      -1.309728
 0.703158      0.375210      -1.299348
 0.706480      0.370910      -1.288975
 0.709802      0.366646      -1.278368
 0.713124      0.362417      -1.267730
 0.716446      0.358223      -1.257086
 0.719768      0.354065      -1.246348
 0.723090      0.349942      -1.235651
 0.726412      0.345855      -1.224886
 0.729734      0.341804      -1.214050
 0.733056      0.337789      -1.203156
 0.736378      0.333810      -1.192247
 0.739700      0.329868      -1.181351
 0.743022      0.325962      -1.170447
 0.746344      0.322091      -1.159548
 0.749666      0.318257      -1.148685
 0.752988      0.314460      -1.137863
 0.756310      0.310698      -1.126982
 0.759632      0.306972      -1.116166
 0.762954      0.303282      -1.105512
 0.766276      0.299627      -1.094927
 0.769598      0.296007      -1.084430
 0.772920      0.292422      -1.074081
 0.776242      0.288870      -1.063921
 0.779564      0.285353      -1.053877
 0.782886      0.281868      -1.044052
 0.786208      0.278416      -1.034548
 0.789530      0.274994      -1.025332
 0.792852      0.271603      -1.016445
 0.796174      0.268241      -1.007941
 0.799496      0.264906      -0.999865
 0.802818      0.261597      -0.992233
 0.806140      0.258313      -0.985130
 0.809462      0.255051      -0.978686
 0.812784      0.251809      -0.972978
 0.816106      0.248586      -0.967987
 0.819428      0.245377      -0.963826
 0.822750      0.242181      -0.960626
 0.826072      0.238994      -0.958482
 0.829394      0.235812      -0.957532
 0.832716      0.232630      -0.957881
 0.836038      0.229446      -0.959667
 0.839360      0.226253      -0.963013
 0.842682      0.223046      -0.968035
 0.846004      0.219819      -0.974884
 0.849326      0.216566      -0.983751
 0.852648      0.213280      -0.994806
 0.855970      0.209954      -1.008208
 0.859292      0.206579      -1.024061
 0.862614      0.203147      -1.042485
 0.865936      0.199650      -1.063628
 0.869258      0.196078      -1.087613
 0.872580      0.192421      -1.114499
 0.875902      0.188670      -1.144330
 0.879224      0.184814      -1.177120
 0.881439      0.182182      -1.200545
 0.883654      0.179496      -1.225162
 0.885868      0.176754      -1.250910
 0.888083      0.173954      -1.277692
 0.890298      0.171094      -1.305449
 0.892512      0.168171      -1.334066
 0.894727      0.165185      -1.363386
 0.896942      0.162132      -1.393235
 0.899156      0.159013      -1.423445
 0.901371      0.155827      -1.453795
 0.903586      0.152574      -1.484019
 0.905800      0.149254      -1.513826
 0.908015      0.145869      -1.542955
 0.910230      0.142421      -1.571164
 0.912444      0.138911      -1.598119
 0.914659      0.135343      -1.623508
 0.916874      0.131721      -1.646987
 0.919088      0.128050      -1.668214
 0.921303      0.124334      -1.686857
 0.923518      0.120580      -1.702607
 0.925732      0.116795      -1.715175
 0.927947      0.112986      -1.724267
 0.930162      0.109160      -1.729644
 0.932376      0.105327      -1.731091
 0.934591      0.101496      -1.728494
 0.935698      0.099583      -1.725673
 0.936806      0.097674      -1.721816
 0.937913      0.095770      -1.716882
 0.939020      0.093872      -1.710911
 0.940128      0.091982      -1.703881
 0.941235      0.090099      -1.695798
 0.942342      0.088226      -1.686666
 0.943450      0.086364      -1.676485
 0.944557      0.084514      -1.665295
 0.945664      0.082677      -1.653078
 0.946772      0.080853      -1.639891
 0.947879      0.079045      -1.625740
 0.948986      0.077253      -1.610647
 0.950094      0.075478      -1.594675
 0.951201      0.073722      -1.577825
 0.952308      0.071984      -1.560141
 0.953416      0.070267      -1.541686
 0.954523      0.068570      -1.522449
 0.955630      0.066895      -1.502510
 0.956738      0.065243      -1.481896
 0.957845      0.063614      -1.460629
 0.958952      0.062008      -1.438799
 0.960060      0.060427      -1.416409
 0.962274      0.057341      -1.370156
 0.964489      0.054360      -1.322259
 0.966704      0.051486      -1.273060
 0.968918      0.048722      -1.222897
 0.971133      0.046070      -1.172120
 0.973348      0.043530      -1.121073
 0.975562      0.041104      -1.070082
 0.977777      0.038790      -1.019437
 0.979992      0.036588      -0.969393
 0.982206      0.034496      -0.920179
 0.984421      0.032511      -0.871986
 0.986636      0.030633      -0.824989
 0.988850      0.028856      -0.779337
 0.991065      0.027180      -0.735148
 0.993280      0.025599      -0.692520
 0.995494      0.024111      -0.651537
 0.997709      0.022712      -0.612262
 0.999924      0.021398      -0.574748
 1.003246      0.019577      -0.521802
 1.006568      0.017927      -0.472761
 1.009890      0.016432      -0.427491
 1.013212      0.015082      -0.385890
 1.017641      0.013486      -0.335911
 1.022071      0.012098      -0.291794
 1.027607      0.010618      -0.244061
 1.034251      0.009160      -0.196463
 1.042003      0.007816      -0.152066
 1.053076      0.006406      -0.105766
 1.075223      0.004755      -0.048871
 1.106228      0.003776      -0.025219
